15 153
30 431
45 630
60 314
75 132
90 22
105 5
120 6
135 6
150 6
165 6
180 6
195 5
210 6
225 6
240 6
255 6
270 7
285 6
300 6
315 6
330 7
345 6
360 7
375 6
390 6
405 6
420 6
435 6
450 7
465 7
480 6
495 7
510 6
525 6
540 7
555 8
570 6
585 7
600 37
615 6
630 29
645 82
660 9
675 6
690 5
705 6
720 7
735 5
750 5
765 5
780 5
795 6
810 6
825 5
840 13
855 6
870 6
885 6
900 6
915 10
930 10
945 15
960 4
975 5
990 5
1005 6
1020 5
1035 5
1050 6
1065 6
1080 5
1095 5
1110 5
1125 7
1140 5
1155 18
1170 7
1185 5
1200 13
1215 5
1230 6
1245 6
1260 5
1275 6
1290 7
1305 5
1320 6
1335 6
1350 5
1365 4
1380 5
1395 5
1410 5
1425 6
1440 5
1455 6
1470 6
1485 6
1500 5
1515 6
1530 6
1545 7
1560 6
1575 7
1590 7
1605 7
1620 6
1635 6
1650 6
1665 6
1680 5
1695 6
1710 5
1725 14
1740 7
1755 6
1770 8
1785 6
1800 6
1815 6
1830 6
1845 6
1860 9
1875 6
1890 6
1905 7
1920 5
1935 5
1950 6
1965 6
1980 5
1995 6
2010 9
2025 6
2040 6
2055 5
2070 5
2085 5
2100 6
2115 8
2130 6
2145 5
2160 6
2175 6
2190 5
2205 6
2220 5
2235 5
2250 5
2265 6
2280 5
2295 4
2310 5
2325 8
2340 6
2355 6
2370 5
2385 5
2400 5
2415 5
2430 6
2445 5
2460 6
2475 6
2490 6
2505 5
2520 6
2535 6
2550 5
2565 5
2580 5
2595 6
2610 5
2625 6
2640 5
2655 7
2670 16
2685 7
2700 7
2715 8
2730 6
2745 6
2760 6
2775 6
2790 6
2805 6
2820 6
2835 7
2850 6
2865 5
2880 6
2895 5
2910 6
2925 6
2940 6
2955 66
2970 115
2985 7
3000 6
3015 7
3030 6
3045 6
3060 6
3075 6
3090 7
3105 6
3120 6
3135 6
3150 6
3165 6
3180 5
3195 5
3210 6
3225 6
3240 6
3255 5
3270 6
3285 6
3300 6
3315 6
3330 6
3345 7
3360 5
3375 5
3390 5
3405 6
3420 6
3435 34
3450 5
3465 6
3480 6
3495 7
3510 5
3525 5
3540 6
3555 6
3570 6
3585 6
3600 5
3615 7
3630 5
3645 6
3660 6
3675 6
3690 5
3705 6
3720 6
3735 6
3750 7
3765 7
3780 5
3795 6
3810 5
3825 5
3840 5
3855 6
3870 7
3885 6
3900 5
3915 6
3930 7
3945 6
3960 5
3975 6
3990 6
4005 6
4020 6
4035 6
4050 5
4065 5
4080 6
4095 5
4110 6
4125 6
4140 6
4155 6
4170 6
4185 5
4200 5
4215 6
4230 6
4245 6
4260 6
4275 5
4290 5
4305 6
4320 5
4335 8
4350 7
4365 6
4380 6
4395 5
4410 6
4425 6
4440 6
4455 5
4470 5
4485 6
4500 6
4515 6
4530 5
4545 5
4560 5
4575 5
4590 6
4605 6
4620 6
4635 6
4650 5
4665 7
4680 6
4695 6
4710 6
4725 6
4740 6
4755 6
4770 5
4785 6
4800 6
4815 5
4830 5
4845 6
4860 6
4875 6
4890 6
4905 5
4920 6
4935 6
4950 6
4965 6
4980 5
4995 5
5010 6
5025 6
5040 6
5055 5
5070 6
5085 6
5100 6
5115 6
5130 6
5145 8
5160 26
5175 5
5190 5
5205 5
5220 5
5235 5
5250 5
5265 6
5280 6
5295 6
5310 5
5325 6
5340 5
5355 6
5370 5
5385 6
5400 6
5415 6
5430 6
5445 5
5460 5
5475 6
5490 6
5505 5
5520 19
5535 7
5550 5
5565 5
5580 5
5595 6
5610 5
5625 5
5640 5
5655 5
5670 6
5685 5
5700 5
5715 5
5730 5
5745 6
5760 6
5775 5
5790 5
5805 6
5820 6
5835 5
5850 6
5865 7
5880 6
5895 6
5910 6
5925 6
5940 9
5955 6
5970 6
5985 6
6000 6
6015 5
6030 5
6045 6
6060 5
6075 6
6090 8
6105 5
6120 6
6135 8
6150 6
6165 5
6180 6
6195 6
6210 6
6225 6
6240 6
6255 7
6270 6
6285 6
6300 6
6315 6
6330 7
6345 6
6360 7
6375 7
6390 6
6405 6
6420 6
6435 6
6450 7
6465 6
6480 7
6495 7
6510 7
6525 7
6540 6
6555 6
6570 6
6585 6
6600 6
6615 6
6630 5
6645 6
6660 6
6675 7
6690 6
6705 6
6720 6
6735 6
6750 6
6765 7
6780 7
6795 6
6810 6
6825 6
6840 6
6855 7
6870 6
6885 6
6900 6
6915 6
6930 6
6945 7
6960 6
6975 6
6990 7
7005 5
7020 6
7035 6
7050 7
7065 6
7080 7
7095 7
7110 6
7125 6
7140 6
7155 6
7170 7
7185 6
7200 6
7215 7
7230 6
7245 6
7260 6
7275 6
7290 6
7305 6
7320 7
7335 6
7350 7
7365 7
7380 7
7395 10
7410 5
7425 248
7440 36
7455 5
7470 7
7485 5
7500 6
7515 6
7530 6
7545 6
7560 6
7575 5
7590 6
7605 6
7620 5
7635 6
7650 6
7665 6
7680 5
7695 6
7710 6
7725 5
7740 6
7755 5
7770 6
7785 5
7800 6
7815 6
7830 6
7845 6
7860 5
7875 6
7890 5
7905 6
7920 9
7935 5
7950 6
7965 6
7980 7
7995 6
8010 5
8025 5
8040 5
8055 7
8070 7
8085 6
8100 5
8115 6
8130 6
8145 7
8160 7
8175 6
8190 7
8205 7
8220 6
8235 7
8250 6
8265 6
8280 6
8295 6
8310 6
8325 6
8340 6
8355 6
8370 6
8385 6
8400 6
8415 7
8430 9
8445 10
8460 6
8475 6
8490 6
8505 5
8520 5
8535 5
8550 6
8565 6
8580 6
8595 5
8610 5
8625 5
8640 5
8655 5
8670 5
8685 6
8700 5
8715 5
8730 5
8745 6
8760 5
8775 6
8790 6
8805 6
8820 5
8835 5
8850 6
8865 6
8880 6
8895 6
8910 7
8925 5
8940 6
8955 6
8970 6
8985 6
9000 6
9015 6
9030 6
9045 5
9060 6
9075 6
9090 7
9105 6
9120 5
9135 6
9150 6
9165 5
9180 6
9195 6
9210 6
9225 5
9240 6
9255 6
9270 5
9285 5
9300 5
9315 6
9330 6
9345 6
9360 6
9375 5
9390 6
9405 5
9420 6
9435 5
9450 6
9465 5
9480 6
9495 5
9510 6
9525 5
9540 6
9555 5
9570 6
9585 5
9600 5
9615 5
9630 6
9645 5
9660 5
9675 5
9690 4
9705 5
9720 5
9735 5
9750 6
9765 6
9780 6
9795 5
9810 6
9825 5
9840 6
9855 5
9870 6
9885 6
9900 7
9915 5
9930 5
9945 5
9960 6
9975 6
9990 6
10005 5
10020 6
10035 5
10050 6
10065 6
10080 5
10095 5
10110 5
10125 5
10140 5
10155 5
10170 6
10185 5
10200 7
10215 5
10230 6
10245 5
10260 5
10275 5
10290 5
10305 6
10320 5
10335 5
10350 5
10365 5
10380 5
10395 5
10410 5
10425 5
10440 6
10455 5
10470 5
10485 5
10500 5
10515 6
10530 5
10545 5
10560 5
10575 5
10590 6
10605 6
10620 6
10635 5
10650 5
10665 6
10680 6
10695 6
10710 6
10725 6
10740 5
10755 5
10770 6
10785 5
10800 6
10815 6
10830 7
10845 6
10860 5
10875 5
10890 6
10905 6
10920 6
10935 6
10950 5
10965 6
10980 6
10995 5
11010 5
11025 5
11040 6
11055 5
11070 7
11085 6
11100 6
11115 5
11130 5
11145 5
11160 5
11175 6
11190 5
11205 6
11220 6
11235 6
11250 5
11265 6
11280 5
11295 7
11310 6
11325 7
11340 6
11355 6
11370 5
11385 7
11400 5
11415 6
11430 6
11445 6
11460 5
11475 5
11490 6
11505 6
11520 6
11535 6
11550 6
11565 7
11580 6
11595 6
11610 6
11625 6
11640 6
11655 5
11670 5
11685 6
11700 7
11715 6
11730 6
11745 6
11760 6
11775 6
11790 7
11805 6
11820 6
11835 6
11850 5
11865 6
11880 6
11895 7
11910 6
11925 5
11940 7
11955 5
11970 6
11985 6
12000 6
12015 6
12030 6
12045 6
12060 5
12075 5
12090 7
12105 6
12120 6
12135 6
12150 6
12165 6
12180 9
12195 6
12210 6
12225 7
12240 6
12255 7
12270 6
12285 6
12300 6
12315 6
12330 6
12345 6
12360 6
12375 6
12390 6
12405 6
12420 6
12435 6
12450 5
12465 7
12480 6
12495 6
12510 7
12525 6
12540 6
12555 6
12570 6
12585 6
12600 6
12615 5
12630 5
12645 6
12660 7
12675 7
12690 6
12705 6
12720 7
12735 5
12750 7
12765 6
12780 6
12795 6
12810 6
12825 6
12840 6
12855 6
12870 6
12885 5
12900 5
12915 6
12930 6
12945 5
12960 6
12975 6
12990 7
13005 6
13020 6
13035 6
13050 7
13065 6
13080 6
13095 5
13110 5
13125 6
13140 6
13155 6
13170 7
13185 6
13200 8
13215 6
13230 6
13245 7
13260 6
13275 6
13290 6
13305 6
13320 6
13335 6
13350 6
13365 6
13380 6
13395 6
13410 6
13425 6
13440 7
13455 6
13470 14
13485 117
13500 4
13515 4
13530 5
13545 285
13560 315
13575 8
13590 6
13605 5
13620 7
13635 8
13650 5
13665 6
13680 6
13695 6
13710 7
13725 5
13740 5
13755 6
13770 7
13785 7
13800 5
13815 7
13830 5
13845 9
13860 6
13875 6
13890 4
13905 5
13920 5
13935 4
13950 7
13965 5
13980 5
13995 6
14010 5
14025 4
14040 5
14055 5
14070 4
14085 12
14100 5
14115 6
14130 5
14145 6
14160 5
14175 5
14190 5
14205 5
14220 5
14235 5
14250 7
14265 160
14280 9
14295 6
14310 7
14325 6
14340 6
14355 6
14370 5
14385 8
14400 7
14415 7
14430 6
14445 7
14460 6
14475 6
14490 6
14505 6
14520 6
14535 5
14550 6
14565 6
14580 5
14595 6
14610 7
14625 8
14640 6
14655 7
14670 7
14685 8
14700 6
14715 8
14730 6
14745 7
14760 7
14775 8
14790 6
14805 6
14820 6
14835 6
14850 6
14865 5
14880 6
14895 8
14910 5
14925 6
14940 6
14955 6
14970 7
14985 6
15000 6
15015 8
15030 7
15045 6
15060 6
15075 6
15090 7
15105 6
15120 6
15135 7
15150 6
15165 7
15180 6
15195 6
15210 6
15225 6
15240 7
15255 6
15270 6
15285 7
15300 7
15315 7
15330 8
15345 7
15360 6
15375 7
15390 6
15405 6
15420 5
15435 6
15450 6
15465 6
15480 5
15495 8
15510 7
15525 6
15540 143
15555 6
15570 6
15585 6
15600 7
15615 8
15630 5
15645 6
15660 6
15675 6
15690 6
15705 7
15720 5
15735 6
15750 6
15765 6
15780 9
15795 7
15810 6
15825 5
15840 6
15855 7
15870 7
15885 7
15900 6
15915 6
15930 5
15945 6
15960 6
15975 7
15990 6
16005 7
16020 7
16035 5
16050 5
16065 5
16080 5
16095 6
16110 6
16125 5
16140 5
16155 5
16170 6
16185 6
16200 8
16215 6
16230 8
16245 6
16260 6
16275 6
16290 5
16305 6
16320 5
16335 6
16350 6
16365 6
16380 6
16395 7
16410 6
16425 6
16440 6
16455 5
16470 6
16485 5
16500 7
16515 7
16530 5
16545 6
16560 5
16575 5
16590 5
16605 5
16620 6
16635 6
16650 6
16665 6
16680 6
16695 5
16710 6
16725 6
16740 5
16755 5
16770 5
16785 6
16800 6
16815 5
16830 6
16845 7
16860 5
16875 7
16890 7
16905 6
16920 8
16935 7
16950 5
16965 5
16980 5
16995 7
17010 7
17025 36
17040 457
17055 13
17070 6
17085 6
17100 6
17115 5
17130 6
17145 7
17160 7
17175 6
17190 6
17205 5
17220 7
17235 7
17250 6
17265 6
17280 7
17295 6
17310 6
17325 6
17340 7
17355 7
17370 6
17385 6
17400 6
17415 6
17430 6
17445 7
17460 6
17475 6
17490 6
17505 6
17520 6
17535 7
17550 6
17565 6
17580 6
17595 6
17610 7
17625 6
17640 7
17655 7
17670 7
17685 6
17700 6
17715 6
17730 6
17745 6
17760 6
17775 7
17790 5
17805 6
17820 5
17835 7
17850 6
17865 7
17880 6
17895 6
17910 5
17925 7
17940 6
17955 7
17970 6
17985 6
18000 7
18015 6
18030 6
18045 7
18060 6
18075 6
18090 6
18105 7
18120 7
18135 5
18150 6
18165 6
18180 6
18195 7
18210 6
18225 5
18240 6
18255 6
18270 7
18285 6
18300 7
18315 6
18330 6
18345 6
18360 5
18375 7
18390 7
18405 5
18420 6
18435 6
18450 6
18465 6
18480 6
18495 7
18510 6
18525 6
18540 6
18555 7
18570 6
18585 5
18600 5
18615 6
18630 7
18645 5
18660 6
18675 6
18690 6
18705 6
18720 6
18735 6
18750 6
18765 7
18780 6
18795 7
18810 6
18825 6
18840 7
18855 6
18870 6
18885 6
18900 5
18915 6
18930 5
18945 7
18960 6
18975 6
18990 5
19005 5
19020 7
19035 6
19050 6
19065 8
19080 6
19095 7
19110 6
19125 5
19140 6
19155 5
19170 6
19185 6
19200 6
19215 5
19230 6
19245 6
19260 6
19275 53
19290 6
19305 6
19320 5
19335 6
19350 6
19365 7
19380 6
19395 8
19410 6
19425 7
19440 6
19455 6
19470 7
19485 6
19500 7
19515 6
19530 6
19545 6
19560 6
19575 6
19590 6
19605 6
19620 6
19635 11
19650 6
19665 6
19680 6
19695 6
19710 6
19725 6
19740 6
19755 7
19770 6
19785 7
19800 6
19815 7
19830 6
19845 6
19860 6
19875 6
19890 7
19905 7
19920 6
19935 6
19950 6
19965 6
19980 7
19995 6
20010 6
20025 6
20040 7
20055 6
20070 8
20085 6
20100 5
20115 6
20130 6
20145 6
20160 6
20175 7
20190 6
20205 6
20220 6
20235 5
20250 6
20265 7
20280 6
20295 6
20310 6
20325 5
20340 5
20355 7
20370 6
20385 6
20400 6
20415 16
20430 5
20445 5
20460 5
20475 27
20490 6
20505 5
20520 5
20535 5
20550 5
20565 5
20580 5
20595 6
20610 6
20625 5
20640 5
20655 5
20670 7
20685 7
20700 6
20715 5
20730 6
20745 138
20760 5
20775 6
20790 6
20805 5
20820 5
20835 5
20850 6
20865 5
20880 6
20895 5
20910 5
20925 5
20940 6
20955 6
20970 6
20985 5
21000 4
21015 5
21030 6
21045 6
21060 5
21075 91
21090 19
21105 6
21120 6
21135 7
21150 6
21165 6
21180 6
21195 5
21210 6
21225 8
21240 5
21255 7
21270 7
21285 6
21300 6
21315 8
21330 5
21345 6
21360 6
21375 6
21390 6
21405 5
21420 5
21435 5
21450 5
21465 6
21480 7
21495 6
21510 6
21525 6
21540 6
21555 6
21570 7
21585 6
21600 7
21615 7
21630 7
21645 6
21660 6
21675 6
21690 6
21705 8
21720 6
21735 6
21750 6
21765 8
21780 7
21795 7
21810 6
21825 8
21840 6
21855 5
21870 6
21885 6
21900 5
21915 5
21930 5
21945 4
21960 6
21975 5
21990 5
22005 87
22020 8
22035 5
22050 6
22065 19
22080 6
22095 14
22110 5
22125 5
22140 5
22155 5
22170 6
22185 7
22200 10
22215 6
22230 6
22245 7
22260 7
22275 5
22290 5
22305 6
22320 5
22335 6
22350 6
22365 6
22380 6
22395 6
22410 6
22425 7
22440 203
22455 7
22470 6
22485 5
22500 6
22515 6
22530 6
22545 7
22560 7
22575 6
22590 6
22605 6
22620 6
22635 6
22650 6
22665 5
22680 6
22695 8
22710 6
22725 6
22740 7
22755 7
22770 12
22785 175
22800 5
22815 5
22830 6
22845 5
22860 5
22875 6
22890 6
22905 5
22920 5
22935 6
22950 5
22965 6
22980 5
22995 6
23010 5
23025 5
23040 5
23055 6
23070 60
23085 15
23100 6
23115 6
23130 7
23145 5
23160 6
23175 5
23190 5
23205 5
23220 5
23235 6
23250 6
23265 6
23280 6
23295 6
23310 6
23325 6
23340 5
23355 7
23370 5
23385 17
23400 5
23415 5
23430 5
23445 6
23460 6
23475 5
23490 5
23505 5
23520 5
23535 5
23550 5
23565 5
23580 6
23595 6
23610 11
23625 5
23640 4
23655 5
23670 6
23685 6
23700 5
23715 6
23730 5
23745 12
23760 35
23775 5
23790 6
23805 6
23820 6
23835 6
23850 6
23865 7
23880 6
23895 5
23910 6
23925 6
23940 6
23955 6
23970 5
23985 8
24000 6
24015 5
24030 6
24045 5
24060 5
24075 6
24090 6
24105 6
24120 5
24135 6
24150 6
24165 5
24180 6
24195 6
24210 6
24225 5
24240 6
24255 6
24270 7
24285 6
24300 6
24315 6
24330 6
24345 5
24360 6
24375 6
24390 5
24405 6
24420 7
24435 6
24450 6
24465 6
24480 6
24495 7
24510 6
24525 6
24540 6
24555 6
24570 6
24585 6
24600 5
24615 5
24630 6
24645 5
24660 6
24675 6
24690 6
24705 5
24720 5
24735 6
24750 6
24765 6
24780 6
24795 6
24810 5
24825 7
24840 5
24855 6
24870 6
24885 6
24900 6
24915 5
24930 6
24945 6
24960 7
24975 6
24990 6
25005 5
25020 6
25035 7
25050 6
25065 6
25080 6
25095 6
25110 6
25125 6
25140 5
25155 6
25170 6
25185 6
25200 5
25215 5
25230 11
25245 5
25260 6
25275 6
25290 6
25305 6
25320 5
25335 6
25350 5
25365 6
25380 5
25395 5
25410 5
25425 7
25440 7
25455 6
25470 6
25485 5
25500 5
25515 5
25530 6
25545 6
25560 5
25575 5
25590 6
25605 6
25620 6
25635 5
25650 7
25665 5
25680 5
25695 5
25710 6
25725 7
25740 6
25755 7
25770 5
25785 7
25800 7
25815 5
25830 6
25845 9
25860 6
25875 6
25890 6
25905 5
25920 5
25935 5
25950 6
25965 6
25980 6
25995 6
26010 6
26025 6
26040 7
26055 226
26070 5
26085 16
26100 5
26115 5
26130 6
26145 6
26160 6
26175 56
26190 23
26205 6
26220 5
26235 6
26250 5
26265 5
26280 5
26295 5
26310 40
26325 6
26340 7
26355 5
26370 6
26385 6
26400 6
26415 6
26430 5
26445 5
26460 5
26475 5
26490 4
26505 6
26520 6
26535 6
26550 6
26565 5
26580 7
26595 6
26610 5
26625 5
26640 6
26655 5
26670 5
26685 7
26700 5
26715 6
26730 6
26745 5
26760 7
26775 6
26790 6
26805 26
26820 5
26835 6
26850 5
26865 7
26880 6
26895 5
26910 5
26925 24
26940 67
26955 6
26970 4
26985 4
27000 5
27015 5
27030 6
27045 6
27060 5
27075 14
27090 30
27105 6
27120 33
27135 6
27150 7
27165 7
27180 7
27195 6
27210 7
27225 7
27240 6
27255 6
27270 6
27285 7
27300 6
27315 6
27330 7
27345 6
27360 4
27375 6
27390 9
27405 6
27420 6
27435 6
27450 6
27465 5
27480 5
27495 7
27510 5
27525 6
27540 5
27555 5
27570 6
27585 5
27600 5
27615 8
27630 455
27645 58
27660 7
27675 6
27690 7
27705 7
