0;0.965000
60;1.020000
120;0.985000
180;1.165000
240;1.420000
300;1.430000
360;1.360000
420;1.275000
480;1.165000
540;1.170000
600;0.905000
660;1.360000
720;0.905000
780;1.005000
840;0.905000
900;1.355000
960;0.930000
1020;1.025000
1080;1.180000
1140;1.185000
1200;0.900000
1260;1.160000
1320;1.065000
1380;1.165000
1440;1.070000
1500;0.975000
1560;0.925000
1620;1.095000
1680;1.165000
1740;0.940000
1800;0.985000
1860;1.170000
1920;1.125000
1980;1.150000
2040;0.955000
2100;1.105000
2160;1.010000
2220;1.140000
2280;1.050000
2340;1.170000
2400;0.920000
2460;1.010000
2520;0.905000
2580;0.950000
2640;1.015000
2700;1.010000
2760;1.185000
2820;1.140000
2880;1.085000
2940;1.080000
3000;1.080000
3060;0.960000
3120;0.905000
3180;1.175000
3240;1.155000
3300;1.125000
3360;0.965000
3420;1.005000
3480;1.050000
3540;0.955000
3600;0.940000
3660;0.980000
3720;1.000000
3780;0.910000
3840;1.000000
3900;1.040000
3960;1.060000
4020;1.050000
4080;1.095000
4140;0.960000
4200;0.955000
4260;0.965000
4320;1.000000
4380;0.995000
4440;0.940000
4500;0.960000
4560;1.075000
4620;1.025000
4680;0.930000
4740;0.910000
4800;1.020000
4860;1.065000
4920;0.965000
4980;1.070000
5040;0.925000
5100;0.980000
5160;1.085000
5220;0.975000
5280;1.095000
5340;0.995000
5400;0.940000
5460;0.940000
5520;0.925000
5580;1.075000
5640;1.005000
5700;1.010000
5760;0.915000
5820;0.965000
5880;1.095000
5940;1.005000
6000;0.905000
6060;0.980000
6120;0.990000
6180;0.900000
6240;0.990000
6300;0.985000
6360;0.960000
6420;0.945000
6480;1.095000
6540;1.175000
6600;0.990000
6660;1.045000
6720;1.105000
6780;0.985000
6840;0.905000
6900;1.020000
6960;1.140000
7020;1.080000
7080;1.150000
7140;0.930000
7200;1.125000
7260;0.930000
7320;0.980000
7380;1.020000
7440;0.920000
7500;0.985000
7560;1.110000
7620;0.955000
7680;0.920000
7740;0.990000
7800;0.985000
7860;1.030000
7920;0.940000
7980;1.150000
8040;0.910000
8100;1.030000
8160;1.040000
8220;0.975000
8280;1.090000
8340;1.145000
8400;0.940000
8460;1.000000
8520;0.935000
8580;1.065000
8640;0.990000
8700;0.950000
8760;1.080000
8820;0.920000
8880;0.910000
8940;0.935000
9000;0.905000
9060;0.945000
9120;1.015000
9180;0.910000
9240;1.085000
9300;0.995000
9360;0.910000
9420;1.025000
9480;1.025000
9540;0.970000
9600;0.940000
9660;1.090000
9720;0.950000
9780;1.035000
9840;0.990000
9900;0.975000
9960;0.995000
10020;1.045000
10080;0.960000
10140;0.910000
10200;1.090000
10260;0.995000
10320;0.920000
10380;1.070000
10440;0.930000
10500;1.025000
10560;0.910000
10620;0.930000
10680;0.915000
10740;0.920000
10800;0.940000
10860;0.910000
10920;0.985000
10980;0.945000
11040;0.950000
11100;0.900000
11160;0.910000
11220;0.980000
11280;0.900000
11340;0.910000
11400;0.955000
11460;0.900000
11520;0.900000
11580;0.990000
11640;1.165000
11700;1.140000
11760;1.090000
11820;0.990000
11880;1.130000
11940;1.030000
12000;1.050000
12060;1.015000
12120;0.950000
12180;1.045000
12240;1.105000
12300;1.060000
12360;0.950000
12420;0.950000
12480;1.080000
12540;1.095000
12600;1.090000
12660;1.060000
12720;0.905000
12780;1.155000
12840;0.995000
12900;0.915000
12960;1.170000
13020;0.950000
13080;1.140000
13140;1.160000
13200;0.925000
13260;0.975000
13320;1.180000
13380;0.910000
13440;1.065000
13500;0.920000
13560;1.080000
13620;0.980000
13680;0.935000
13740;1.005000
13800;0.990000
13860;1.095000
13920;1.075000
13980;1.070000
14040;0.915000
14100;0.940000
14160;0.930000
14220;1.080000
14280;1.000000
14340;1.025000
14400;1.055000
14460;0.945000
14520;1.030000
14580;1.030000
14640;1.000000
14700;0.960000
14760;1.035000
14820;0.905000
14880;0.955000
14940;0.970000
15000;1.080000
15060;1.000000
15120;0.930000
15180;0.930000
15240;0.960000
15300;1.025000
15360;0.990000
15420;0.920000
15480;0.925000
15540;0.930000
15600;0.925000
15660;0.920000
15720;0.915000
15780;0.990000
15840;0.975000
15900;0.935000
15960;0.985000
16020;0.930000
16080;0.965000
16140;0.980000
16200;0.970000
16260;0.975000
16320;0.970000
16380;0.935000
16440;0.990000
16500;0.900000
16560;0.980000
16620;0.960000
16680;0.945000
16740;0.920000
16800;0.940000
16860;0.960000
16920;0.945000
16980;0.910000
17040;0.975000
17100;0.975000
17160;0.985000
17220;1.150000
17280;1.065000
17340;1.140000
17400;1.010000
17460;1.155000
17520;0.965000
17580;1.185000
17640;1.060000
17700;0.990000
17760;1.145000
17820;1.050000
17880;0.960000
17940;1.145000
18000;0.905000
18060;1.095000
18120;0.940000
18180;1.170000
18240;1.090000
18300;0.980000
18360;0.975000
18420;1.050000
18480;1.000000
18540;0.935000
18600;0.935000
18660;1.095000
18720;0.910000
18780;0.980000
18840;1.080000
18900;1.020000
18960;0.985000
19020;1.000000
19080;1.030000
19140;0.960000
19200;0.910000
19260;1.030000
19320;1.060000
19380;0.990000
19440;1.020000
19500;0.905000
19560;1.050000
19620;1.065000
19680;1.060000
19740;1.080000
19800;0.950000
19860;0.955000
19920;0.945000
19980;0.955000
20040;0.980000
20100;0.905000
20160;0.960000
20220;0.975000
20280;0.980000
20340;0.925000
20400;0.940000
20460;0.955000
20520;0.910000
20580;0.965000
20640;0.990000
20700;0.920000
20760;0.940000
20820;0.990000
20880;0.980000
20940;0.945000
21000;0.910000
21060;0.920000
21120;0.960000
21180;0.950000
21240;0.930000
21300;0.920000
21360;0.905000
21420;0.900000
21480;0.915000
21540;0.955000
21600;0.985000
21660;0.925000
21720;0.955000
21780;0.935000
21840;0.985000
21900;0.900000
21960;0.905000
22020;0.950000
22080;0.985000
22140;0.900000
22200;0.970000
22260;0.975000
22320;0.985000
22380;0.960000
22440;0.950000
22500;1.175000
22560;1.070000
22620;1.105000
22680;1.100000
22740;1.075000
22800;0.980000
22860;0.980000
22920;1.030000
22980;1.105000
23040;0.900000
23100;1.080000
23160;1.100000
23220;0.990000
23280;0.975000
23340;1.150000
23400;0.960000
23460;1.025000
23520;0.920000
23580;0.955000
23640;0.920000
23700;0.985000
23760;1.015000
23820;0.910000
23880;1.080000
23940;0.900000
24000;1.070000
24060;0.950000
24120;0.900000
24180;0.985000
24240;1.090000
24300;0.980000
24360;0.980000
24420;1.045000
24480;0.995000
24540;0.945000
24600;0.985000
24660;0.955000
24720;0.950000
24780;0.945000
24840;0.940000
24900;0.990000
24960;0.945000
25020;0.955000
25080;0.910000
25140;0.930000
25200;0.965000
25260;0.960000
25320;0.940000
25380;0.970000
25440;0.900000
25500;0.930000
25560;0.980000
25620;0.920000
25680;0.925000
25740;0.955000
25800;0.980000
25860;0.915000
25920;0.940000
25980;0.985000
26040;0.930000
26100;0.940000
26160;0.955000
26220;0.985000
26280;0.905000
26340;0.985000
26400;0.940000
26460;0.965000
26520;0.980000
26580;0.940000
26640;0.940000
26700;0.955000
26760;0.920000
26820;0.925000
26880;0.935000
26940;0.905000
27000;0.920000
27060;0.945000
27120;0.925000
27180;0.945000
27240;0.965000
27300;0.910000
27360;0.920000
27420;0.930000
27480;0.950000
27540;0.985000
27600;1.230000
27660;0.955000
27720;0.975000
27780;1.215000
27840;0.935000
27900;1.080000
27960;1.260000
28020;0.920000
28080;1.000000
28140;0.980000
28200;1.065000
28260;1.055000
28320;0.925000
28380;1.175000
28440;1.570000
28500;0.915000
28560;0.975000
28620;1.295000
28680;0.995000